1224597600000	291e1a50b41a6ae47eddb1713dc99d22f96d0c9f	17.303657074340528	142.0	834.0	689.6875
1229565951000	10aba5b72f92f925bdb56cc717489e2825587cd5	17.166573660714292	150.0	896.0	742.1875
1232612024000	e521e90d0fff0a53df54fcf9d83cc2772a73791f	17.166573660714292	150.0	896.0	742.1875
1234309444000	e9789453c908325d931c04dd6183a3b393187615	17.216850828729278	151.0	905.0	749.1875
1234558672000	60c60b0b1c7faa502d581346c8a8deb9c338c85e	17.299836601307195	151.0	918.0	759.1875
1235069855000	889cc95210a0d3867df01ac98c59426cc424bfbf	17.64899789029536	164.0	948.0	780.6875
1236133729000	8d7704fad6d9e52865b1789948e20e2f8b200823	NaN	1.0	0.0	0.0
1236137535000	5fedae0fb8cc29db88719329d52bdd62aad14277	17.64899789029536	164.0	948.0	780.6875
1236292477000	185d17974729a98cf48a71ab9f16adaab9d1e1e0	17.486026422764223	169.0	984.0	811.9375
1236798718000	bcdf0e36db34f2875fd1df75826043e75c6cdeb0	17.486026422764223	169.0	984.0	811.9375
1236974664000	72a37ccef83271f175c94b71f2d0abac8b4aefa4	16.529605263157897	169.0	988.0	824.6875
1237423187000	69dabe13f25d6a0cd98041eb2b88f24701e0ce5b	16.597222222222218	168.0	990.0	825.6875
1237942105000	57c4e8b2ef600f89caafb0520b44b06fc73ab845	16.681119920713584	170.0	1009.0	840.6875
1237942229000	13e902189e05f09a890b9d6673a6f451c758542a	16.681119920713584	170.0	1009.0	840.6875
1237954453000	d58247b4d07d8c84b2f5dfd85667201f111e35d5	16.847014925373138	171.0	1005.0	835.6875
1237954687000	06522bf515aa117255e1e1d7ad0d6ae56a55ebfc	16.847014925373138	171.0	1005.0	835.6875
1237954932000	22b87172ef05dd21860ea193eaca38ef3f83ec11	16.830268389662027	171.0	1006.0	836.6875
1237955208000	fca1632fc438f5ecc2065a30bab2bb374d3667c5	16.830268389662027	171.0	1006.0	836.6875
1237959285000	f9714f85282275737fa6398313344a24dc12a789	16.847014925373138	171.0	1005.0	835.6875
1237959699000	3a9b30028bae970b20041c301aff448c0ab1d233	16.847014925373138	171.0	1005.0	835.6875
1238021082000	5fcbab66db30d2f96c7ae12a75bd1e1652ebe66b	16.830268389662027	171.0	1006.0	836.6875
1238021228000	c2d6bcdb50f63370f3edd97cfc7077e7c1e8e151	16.830268389662027	171.0	1006.0	836.6875
1239026861000	5d6f5fa51fa7fd13784a73199161deabec5bc898	16.896766169154233	171.0	1005.0	835.1875
1239641858000	f4a8923caf76a5c8febba8943c6f5b33c03a8f0b	17.052775024777013	173.0	1009.0	836.9375
1239815086000	0dffdefe54299ee01b45574244c92d3a06507b87	16.994449806949806	177.0	1036.0	859.9375
1239840798000	eb142ac59aa8039c409b5fe4f50a130f16960d41	16.66462818003914	173.0	1022.0	851.6875
1240445555000	1ae3822f9942bd40950d25ee38afc4b0fd92befb	16.831036121673005	179.0	1052.0	874.9375
1241006515000	abbdb5687b2f4505b16d3f8fad3efbab3ea1cf90	16.688265786993405	179.0	1061.0	883.9375
1241445112000	b83db52b375a9a28347cacff3a8e8b1ebabe3b46	16.08268671193016	167.0	1031.0	865.1875
1242317323000	c892815bc694522cf760a826349ab66f67ee6d05	17.128962536023053	171.0	1041.0	862.6875
1242396683000	aef7a7aafaacfa4237c51e5359b0109e8689a643	17.09611697027804	173.0	1043.0	864.6875
1242671118000	01dee6eedd37dd50961584a7c717c85f00131401	16.615251727541956	171.0	1013.0	844.6875
1242679480000	950a3aa3f1cc913436260520141152b269e30081	17.051499032882013	171.0	1034.0	857.6875
1242775218000	3f77eebe6d9f277a8035c8c14b97c69023245b55	17.06800580832527	171.0	1033.0	856.6875
1243346549000	f47699dd4704917713004099b5e3609be48653c4	16.952301054650043	174.0	1043.0	866.1875
1245331548000	e2285895da5c1adc3259948c1ea41d339d88a57c	16.501710654936463	174.0	1023.0	854.1875
1246048153000	d776e51cec79901a0d656bba7b1f3780cceac57d	15.763487475915216	165.0	1038.0	874.375
1247065525000	89811e14c23c7fe6f88a21d13429613b756bce3f	16.277407054337466	168.0	1049.0	878.25
1247585156000	439d5bd5995ad6d9c0e750678a7c2176e2e1d67b	16.501710654936463	174.0	1023.0	854.1875
1247593659000	1ebd23eaa82ab560f5c7d8aeca8df7512df8424e	16.277407054337466	168.0	1049.0	878.25
1248218910000	1bc128fd4266656ebc7e8abc6bf22652f6a6134a	16.269743336623886	173.0	1013.0	848.1875
1248288538000	e9236543cb4f851b3aef2ccf3e9d30d82c76f835	16.049085659287776	167.0	1039.0	872.25
1250015978000	e77fa5af5ac139f69ad504dbadd6f6aaab8c064d	15.985576923076927	167.0	1040.0	873.75
1250713968000	67430f3d25a103cf87ba72d4034e703107b715ee	15.970220941402502	167.0	1041.0	874.75
1252001893000	1f66bd549803234e705231147c7aa4f35717697a	15.926456542502388	168.0	1047.0	880.25
1253028291000	cf7307401797b159ca32f85e7cf38d18cececd0d	15.846080305927346	167.0	1046.0	880.25
1253080730000	53205356eb422db2f3460425053c5fe4df8ceeda	15.895813047711782	163.0	1027.0	863.75
1253306148000	98948f9ce1dabcc79350a847baf220635b0c087a	16.118102613746366	164.0	1033.0	866.5
1253652252000	29dbeab977ead46e10efce114e1f21a55d556100	16.133720930232553	164.0	1032.0	865.5
1254247710000	9d40cd573a81eba5938064a80ff507f322e96808	16.200578592092572	165.0	1037.0	869.0
1254337555000	7495b0046811971ecb0933888d7eafb4c9668ed2	16.170825335892513	166.0	1042.0	873.5
1254369884000	777585c68d7bfa7bae7a928f53e27e471300bf7c	16.170825335892513	166.0	1042.0	873.5
1254755380000	aa67778949c2506c7e66f37b1baeef4fc2f1ab27	16.346153846153843	171.0	1066.0	891.75
1255093465000	ba2f609058d9526625c35cc80ad20c3b84722754	16.330834114339265	171.0	1067.0	892.75
1255104891000	bcfaaa6b567b95df64499c2a2e3c15780438a2dc	16.29924953095685	170.0	1066.0	892.25
1255350936000	d56e7ebbe8c65b2150214eb3254d36226c1c42a6	16.347053320860617	171.0	1069.0	894.25
1255439174000	d8b0b8c558f0c6d9acbb550fd5a014d7fb71b807	16.378504672897197	171.0	1070.0	894.75
1255723950000	fa954248b41b567dfa2ddd7bd063d3936a51758e	16.110581506196375	168.0	1049.0	880.0
1255740067000	3dbaa9d07abf3133024bac468e452a071f270fac	16.318477251624884	173.0	1077.0	901.25
1255959917000	aafb2fd272f3c97f74043c11469ad301d3bd4026	16.511387163561075	156.0	966.0	806.5
1255983458000	93e942a97a3aba0ad68be6b3db181c939199fa2e	16.528497409326427	156.0	965.0	805.5
1255984662000	2eb3900c6917520f546f44e4d9ca6f045cffe9ea	16.74219536757301	161.0	993.0	826.75
1255984923000	1d09799c923973c491a6e04594d254401b3fd9a7	16.759072580645164	161.0	992.0	825.75
1256052004000	52b3d633a031c64dcefefc4884b9cea5781425c2	16.460268317853455	156.0	969.0	809.5
1256055773000	109d4af68f0536813786a2c4ca01a462f8755a88	16.691767068273087	161.0	996.0	829.75
1256070655000	dce90517954050428bfaf20e1409c10d372a4759	15.934917355371903	154.0	968.0	813.75
1256170615000	f8317ad7146b1cdfeded7acb23ae8f770b2d3f97	15.811752988047811	156.0	1004.0	845.25
1256218415000	f4a785b4dc7b71bc7c3a0e398293f1050516c088	16.18090452261306	159.0	995.0	834.0
1256224393000	da3b21c3fb5227cfabe7fefa777470d7a4604bb0	15.954773869346738	156.0	995.0	836.25
1256233771000	72c3817544e0e84756f5e0c627ad4a72f9156790	16.05237633365665	161.0	1031.0	865.5
1256234148000	e8d2668517e7e5b3e18f6c92949d2d4a673ec5b3	16.19373776908023	161.0	1022.0	856.5
1256258625000	ef18177f9bbbeab8ef266c3f080175bc813dc34c	15.72781655034895	156.0	1003.0	845.25
1256308643000	56eac7c6cb75f0ebc77afc07601569eb8df82d27	15.970873786407768	161.0	1030.0	865.5
1256319679000	3955e05df4f0b1fa223ccc1cf8a44d5b5d5bd8a0	15.9423828125	160.0	1024.0	860.75
1256322191000	969318aa4c2e1e76e645842cca6fc97bb24ba613	16.17507136060894	165.0	1051.0	881.0
1256329347000	72a353a7d443f17a0e16412ae85ad359d97e9394	15.772946859903382	160.0	1035.0	871.75
1256341707000	8b4fd43c9ac3b8e3b31ec827ca07b4ee5366b604	16.0075329566855	165.0	1062.0	892.0
1256651165000	d13733225cb1a3e16413b35336e94e400bf5d399	15.71222329162656	160.0	1039.0	875.75
1256752407000	a21b2db5541b0bf20582572e4f072137ff46c69f	15.706679574056148	159.0	1033.0	870.75
1256755277000	3979587e1419e373ff36a40566e6452ca0536674	15.947467166979356	165.0	1066.0	896.0
1256817891000	aeeadc5989e1f249b3ee60f08ba71fc90bc34b9d	15.943396226415096	164.0	1060.0	891.0
1256830852000	2763ab4cb6ee8d186eb8894ad006f699bfca3413	15.799086757990866	170.0	1095.0	922.0
1256830944000	676707c5d545233b6a774919de87d98ae57b258e	15.79430670339761	169.0	1089.0	917.0
1256869663000	7d70b7d40f81ec321171f69054a6a1479aec3c72	16.01702508960573	174.0	1116.0	937.25
1256928856000	91522cd49090f40e2e5b96c9b2e310b1adf1218a	16.025641025641026	187.0	1170.0	982.5
1256929784000	873a3541dc567de755a2cd7053630c93ab73b4cd	16.228070175438592	192.0	1197.0	1002.75
1257197032000	e6cf24dbbea56d8b88a8d48bed9d3a6f26c2ddf0	15.699152542372886	187.0	1180.0	994.75
1257210016000	554a4eb2b199902a42137a53b2731580c28bc2bf	15.907207953603974	192.0	1207.0	1015.0
1257270795000	df4657361cc0bd0f4671d5e53f18bd48a7e97245	15.699152542372886	187.0	1180.0	994.75
1257272721000	3d7d762cc460fb337e23215c6b3081d2aff67aaa	15.907207953603974	192.0	1207.0	1015.0
1257283483000	0a267d0f1c1e18e0f208b60a81bf2f73457a2c56	16.13323603002502	194.0	1199.0	1005.5625
1257343405000	4e5e11e92d1bd0b3b12432c99d1e76d592dbf229	16.13323603002502	194.0	1199.0	1005.5625
1257343846000	be6b7c737f1fab0160bd9b97f80c2bbc7702976b	16.328507340946164	199.0	1226.0	1025.8125
1257347606000	4dc051aa9b76d8dffbd2372740eff2735c654540	16.13323603002502	194.0	1199.0	1005.5625
1257369325000	448fe0bfbd3f0c759a987307532f99d608c7e7a6	16.328507340946164	199.0	1226.0	1025.8125
1257394750000	f8952fa79d0cc70e5a802fb2624701fbed0736b8	16.13323603002502	194.0	1199.0	1005.5625
1257429655000	865e060f156124348344a2efd360f4cc58b8ffa6	16.328507340946164	199.0	1226.0	1025.8125
1257431857000	1878e99c5ccd7bd2288707a431e0bb5d39879985	16.11979166666667	194.0	1200.0	1006.5625
1257456969000	e64281b157842af93b793e8c9de3dd9a71825172	16.109154929577464	196.0	1207.0	1012.5625
1257458025000	79bbf660e9bd8a19e6b56e6831171fb5d846c950	16.315199674001633	199.0	1227.0	1026.8125
1257481583000	b29bc48889e5c176720344140d69a85d509d94e0	16.303687196110207	201.0	1234.0	1032.8125
1257524943000	daa1dd3eb9ebb69817babdb74b125dc63889eb45	16.13721026490066	197.0	1208.0	1013.0625
1257534163000	e6ebab14fd23b288e551796dc965d99e60ff2dc2	16.330971659919026	202.0	1235.0	1033.3125
1257542013000	4e8ad3a40141d05ced3279c6a0296b71ffc5117d	16.17857142857143	200.0	1225.0	1026.8125
1257544018000	5af0608348ceda9ba959adf61a78ff7c262a210e	16.36880990415336	205.0	1252.0	1047.0625
1257796831000	c7edd6ea840e25cb04d090b6c29dc96c04d2be40	16.32477768795473	203.0	1237.0	1035.0625
1257879942000	2f7c9edfb3f65e5defc7c24bd9348dc76d9e65a5	16.17976384364821	201.0	1228.0	1029.3125
1257966190000	ba328cd4a23a13732467ba5533a94ac3d7cbbf4e	16.07647296206618	202.0	1239.0	1039.8125
1257967620000	9463551d754302e158b80357d9c5c88517fe6e58	16.09085414987913	203.0	1241.0	1041.3125
1257988406000	1dfd07dbe85dd4697ac285d56f5a8c9cb1aefb98	16.369521912350592	206.0	1255.0	1049.5625
1257988417000	113427490f4a7f771708c1872a25d9dbc4bfab1b	16.266785150078988	207.0	1266.0	1060.0625
1257988420000	134efd4bfb3495105daaebe37a9b21916c21a18d	16.28055993690851	208.0	1268.0	1061.5625
1258009768000	0c4449d6fd421c916ebaf9657ff6ae5a21eed2e7	16.039156626506024	203.0	1245.0	1045.3125
1258013692000	cbf6f5e39b17a84beb93876d95594c26784b8128	16.229363207547166	208.0	1272.0	1065.5625
1258033200000	bafd4638a5f7f5ea1663e13caee2e1e7ae7e75c9	16.184367541766107	206.0	1257.0	1053.5625
1258033491000	123538f398bec9e425aee6fd427aa4ad7a11fb28	16.369742990654203	211.0	1284.0	1073.8125
1258062019000	8423a1772b340c02e07c066b646baeae18521fe7	16.184367541766107	206.0	1257.0	1053.5625
1258062786000	13b0650ce0a3aac691002060412d3d89479817d3	16.369742990654203	211.0	1284.0	1073.8125
1258142603000	2ff01ef636c8896455e6780fbe14cd0dca207969	16.210159362549803	206.0	1255.0	1051.5625
1258157722000	82239b60431594f820f0ce4bd339b5405c12c4c0	16.39528081123245	211.0	1282.0	1071.8125
1258389926000	4e1b06ebcf08dd57240a56bac6f923b2e72ea793	16.067893903404595	205.0	1263.0	1060.0625
1258390564000	c31f08c3c16b83fb5263e87361be8f04abdd8b90	16.224144789180585	207.0	1257.0	1053.0625
1258398602000	515f43840b8404b1ad2ef95c0e9704a26c248647	16.082015810276683	206.0	1265.0	1061.5625
1258399685000	7e344f5d5bd60e275e4ccd87b6b34b1ae2c6d7d7	16.254844961240313	210.0	1290.0	1080.3125
1258399931000	7a46bb83334a88c39c288f51196da424cbfb9adc	16.26838235294118	211.0	1292.0	1081.8125
1258406181000	e3f01aff06d4bddb09215ccad3d8502de9164966	16.13555643251776	207.0	1267.0	1062.5625
1258406629000	f6f1e5d224b8522d6f62ece1dff4180b381f2a47	16.320517774343124	212.0	1294.0	1082.8125
1258556492000	f1e8069bcd1755d9ef2322b705d8d9d6b83728f0	16.2841796875	210.0	1280.0	1071.5625
1258575523000	b95b7a63c403a17c3725e1ccfbd65b4283fd6a0f	16.220817120622566	211.0	1285.0	1076.5625
1258575653000	62598e4eb795e56e06e0b20891be707b9fd11c15	16.464231063504208	215.0	1307.0	1091.8125
1258575757000	43313e0ddc772c0eb3818f5efbdc5bcddedde56a	16.40148628048781	216.0	1312.0	1096.8125
1258664787000	aa378715cf7b99264517250ac196c0fec7999d44	16.20820373250389	211.0	1286.0	1077.5625
1258753776000	e4694b7b9a862728e2dc57116fb4e1aa1e2ab9ef	16.38899466869764	216.0	1313.0	1097.8125
1258994225000	ddacabc24b515db4fa6c7a289ef81d8050c8062c	16.23546511627907	212.0	1290.0	1080.5625
1258995357000	4d52065d336a3e672bc192e66cc1ba5ece7a0035	16.415148063781327	217.0	1317.0	1100.8125
1259007540000	15b30537faa4bdcefafbd1a6744911ad33684492	16.46607278241091	217.0	1319.0	1101.8125
1259327454000	98379599e76b778ae7e281d69c3f8923fa50cb27	16.365131578947366	213.0	1292.0	1080.5625
1259614570000	90c4833f94f4775f747333f8bd67107364a1d9c1	16.250963020030817	214.0	1298.0	1087.0625
1259706239000	0a8adab905b45d7d7c6a4c467a4530440276bacd	16.250963020030817	214.0	1298.0	1087.0625
1259715878000	0d5deb5795c51cf112489c48e01ebb220ad0b6d1	16.59254352763059	218.0	1321.0	1101.8125
1259759785000	c3f77cc16633551c4daf1c160f4655762dda9a3b	16.479841748304448	219.0	1327.0	1108.3125
1259784290000	44c3bfe294da8063f817c80b1f311e101a220b09	16.479841748304448	219.0	1327.0	1108.3125
1259938343000	1f385956ce5ae6dbe9ede0b0a4869eeff007041d	16.53028592927013	219.0	1329.0	1109.3125
1259954418000	c98ba511cbc433951f787ca9e9bd4472c18e4ab8	16.416855203619907	219.0	1326.0	1108.3125
1259956023000	c1d449d071703d3c2b8c4d9961e812b4632b5c90	16.238452655889148	214.0	1299.0	1088.0625
1260284744000	7e827acae69298441b970262a309a957c92da155	16.29035357417371	214.0	1301.0	1089.0625
1260515256000	3d4de660d654fee760cf96f609198489e4d6525d	16.5694338179036	217.0	1307.0	1090.4375
1260515834000	e5b7da9308d17c4d6720c012950c7922779435f7	16.690127627627625	222.0	1332.0	1109.6875
1260549378000	80ff42c1abf87a4e81cb422446412973b46a75bd	16.60888305847077	221.0	1334.0	1112.4375
1260549969000	f6e3c42ec2bfd7e3440393bd5a0d498a513574c5	16.584204630321132	222.0	1339.0	1116.9375
1260992932000	22924b6afee333e16fb62a19f1ac044c87c528b5	16.683616863905325	226.0	1352.0	1126.4375
1262979461000	e7c9540b179fdafb69cdc5e05a2d769f4be9463a	16.544676806083647	219.0	1315.0	1097.4375
1262992306000	bf25a2cc3b00c085b8207443e9a0419108536aef	16.683616863905325	226.0	1352.0	1126.4375
1262998606000	889ca057eb9aa2a6cce0fff87e1e118926815c88	16.65900735294118	228.0	1360.0	1133.4375
1263499794000	f7bd3f7d1f14090b9ddf4a3d7b33ef98ad73c8ae	16.87727272727273	231.0	1375.0	1142.9375
1263578792000	8457946f5f77a9a6af079c44c8d0792c17d0ef27	16.925381263616558	231.0	1377.0	1143.9375
1263617285000	6e37178770f41ffcf8013e9460170140bcc6c130	16.462604403948365	218.0	1317.0	1100.1875
1264000496000	9fa4cc96ece43fdc6873fdafb8c8f6b3ea0cc1fd	16.51380484114977	220.0	1322.0	1103.6875
1264008605000	c16ba67407f3ce28d0a984d66a20ec2600911993	16.95	231.0	1375.0	1141.9375
1264011725000	fe8dd39ee5e173f15337d09c36aa453a55364e98	17.036732456140346	231.0	1368.0	1134.9375
1264090742000	beb134dbcc0d7476b66cd80fd85c7a53175dfb06	17.06167642752562	231.0	1366.0	1132.9375
1264208520000	291a4130541885f34ddb2398ba6218596c3851c9	17.108862144420133	233.0	1371.0	1136.4375
1264601726000	e46be904bd76dff5a13aeef12e9bfeddac7bbe81	16.837583148558753	220.0	1353.0	1125.1875
1264715854000	abc34112bd18bc0fc068ffa30ca07ae161bc9f0a	16.862509252405623	220.0	1351.0	1123.1875
1266413468000	232725e8c1b1b85a44857cedcc842dcd2c956dc2	16.88701923076923	220.0	1352.0	1123.6875
1266415391000	c9c1acdc0d4a2e7ec3335b9efa4499c92304091d	16.92343173431734	221.0	1355.0	1125.6875
1266431833000	08a201d49ff1e16fb2a1b52694cf9fb2fbe69e06	16.947824483775808	221.0	1356.0	1126.1875
1266597396000	aa0d261b50d103dd718077b261dd0671d388266f	16.911492978566145	220.0	1353.0	1124.1875
1266851731000	5a53e103af5f139608a9b607601a8cc6818bf324	16.911492978566145	220.0	1353.0	1124.1875
1267453008000	69b223ae3de87f19b1f4762bd5980a82766c5dc4	16.947824483775808	221.0	1356.0	1126.1875
1267463019000	a3aba0c93c31e89045cca669418e85acfb4e22fb	17.02428780131483	223.0	1369.0	1135.9375
1267538694000	43adf9b9cbfede7236918de3f1e89bfbaafedbb1	17.02428780131483	223.0	1369.0	1135.9375
1267629796000	6064d3f7aabcb073dc3f917e049bc04c67fb6b29	16.81419885550787	225.0	1398.0	1162.9375
1267738749000	6b4ab26bedae5f34d6df12bf5100822de86e4e49	16.81419885550787	225.0	1398.0	1162.9375
1267815622000	2f2ce735ef658f4e2b72fe9b0352fad9279e636d	16.65620516499282	223.0	1394.0	1161.8125
1268062072000	585d4e43e87b3cc95763bd4342a3997acb55de8b	16.680107526881716	224.0	1395.0	1162.3125
1268687103000	3f5052618fc262c22b9e00137014329bcc660524	16.656227630637076	224.0	1397.0	1164.3125
1270667135000	d54e110f8794b48a03db85f74b5757c17eeed24a	16.65620516499282	223.0	1394.0	1161.8125
1271101737000	9654c843a0b41beb94a5dc8151ab5aef8d262b3d	16.703975644699142	223.0	1396.0	1162.8125
1272374260000	5d1b236620eec1456ca1e9a30085ce2ae27e984d	16.71584406294707	224.0	1398.0	1164.3125
1272902692000	e7bf7ed4c4d3680d838a1581832d22be89e37e46	16.69185633001422	226.0	1406.0	1171.3125
1274291644000	3a4bd4c68531b98db58626f60d0e9a7f5db54dc2	16.71584406294707	224.0	1398.0	1164.3125
1274307824000	1e8d9c36bcfc5b37e2ddab1e2ecf6fa381042d64	16.69185633001422	226.0	1406.0	1171.3125
1276516428000	1a7925761a5db1b424d976ba03fb335e821b7db3	16.835937499999996	231.0	1440.0	1197.5625
1276783192000	28dbcd13adec986d5d2c08b71edab35d84b40958	16.948352779684285	235.0	1457.0	1210.0625
1278523703000	b60cd1a61a38d2dd607c5047be70c6861b6c2ee7	16.71584406294707	224.0	1398.0	1164.3125
1278526352000	2824581ca5cb3c3be6bd8052e6ddaed4b2e55057	16.948352779684285	235.0	1457.0	1210.0625
1281453958000	bb13b216f986fc75dbd82d38f2bd6b2fbeb08abd	16.739479315263907	226.0	1402.0	1167.3125
1281455437000	480688285c22d11013f32ff7c4f3839b6f7e652e	16.970396988364133	237.0	1461.0	1213.0625
1282834600000	e79c911bbd1687f5df9171dc54f41a427a926925	16.739479315263907	226.0	1402.0	1167.3125
1282964102000	94c7d160735eabb0df44068d97875d86f2b76e07	16.970396988364133	237.0	1461.0	1213.0625
1285334302000	6c528aa07db1642c8aa9720c2d509a78e832adc4	16.708739554317553	232.0	1436.0	1196.0625
1285593334000	aaeb8a227c7ea4ae124403b46cb4f673834f5536	16.644874476987447	230.0	1434.0	1195.3125
1285596871000	7f4b15b6a6c9d35baab4c4e5e1fa0302dc7d605f	16.907984921178887	235.0	1459.0	1212.3125
1285604123000	13af16f66ff1c9cd7f12098e95124f0c88953ee8	16.668118466898953	231.0	1435.0	1195.8125
1285605886000	9e32fed582019546b0d380c28a40961c77fc303e	16.930650684931503	236.0	1460.0	1212.8125
1285679564000	4d42d3ded6e3d46f5c9d0511ec0f0c26c9fef705	16.75941780821918	237.0	1460.0	1215.3125
1285689766000	c6098ef1fc69fe117343cc2e3db0d2b97b2daa6f	16.668118466898953	231.0	1435.0	1195.8125
1285707628000	78c7f6414689dff30fbe70bbeb17d0a1b4842924	16.75941780821918	237.0	1460.0	1215.3125
1285761808000	5ad9026a54e8d025154ac644c6d938b1ff118ef1	16.685461485079813	231.0	1441.0	1200.5625
1285805857000	2f156e29c0e051179802082f2ba76e12908c3f0e	16.77609140518418	237.0	1466.0	1220.0625
1286830092000	e4720df2c1fd952e44771ea30063a4e8dc39c47a	16.685461485079813	231.0	1441.0	1200.5625
1286914950000	875f1504b938bbe9450b2021f18cf8d17568df56	16.77609140518418	237.0	1466.0	1220.0625
1287686422000	bababb66c17c665d374313da47e2f3734adec83a	16.77609140518418	237.0	1466.0	1220.0625
1288119469000	3b2b8e183116d4a66acf0ed1c7db917950dc36bc	16.685461485079813	231.0	1441.0	1200.5625
1288124588000	d07f1e970f3f59ca8a9d73a974c40df8b7480793	16.77609140518418	237.0	1466.0	1220.0625
1288704777000	9b75823838a7a8cfcc0de8570124ff1ee19c4e33	16.860563858695656	239.0	1472.0	1223.8125
1288738189000	ab34252e7a7f8c39b402425a4e0941aeb039d12f	16.849117447386284	240.0	1473.0	1224.8125
1288875460000	501a153616bd44880b587447788990d83f433a8f	16.849117447386284	240.0	1473.0	1224.8125
1288891885000	df77f79bbf931894d91cd0d8334f204ff67e903a	16.66806581598388	240.0	1489.0	1240.8125
1289832869000	d42b20c1f1b341399a59fc6de8f31af1ac552f47	16.668063002680967	241.0	1492.0	1243.3125
1291747850000	bed2fe9bfd0e952c29b5ff90f70350ef8d0a65e4	16.6680602006689	242.0	1495.0	1245.8125
1292434058000	77f14bd0ce48db935911da5d0a92b6348e6197fb	16.83935676392573	244.0	1508.0	1254.0625
1294336555000	acd81dc83a61114e185ae81bad4551c49f48b02c	16.85016556291391	245.0	1510.0	1255.5625
1295126891000	602efeb229befe82f943d36792b1702f7ee54d88	16.565729974160202	246.0	1548.0	1291.5625
1295135192000	7fc983026decebf7940b9512116bdbff015fadf0	16.863881829733163	257.0	1574.0	1308.5625
1295149603000	fb6883da15b57a3d5006b8978c650cbb2bbda52d	16.874999999999996	256.0	1570.0	1305.0625
1295203489000	bfd9683cb0d7900a6e28dc37ccaaf3930320805f	16.576612903225808	247.0	1550.0	1293.0625
1295203502000	dda800fef076ed93cc20b6edec4c0ac0865edb15	16.874206852791872	258.0	1576.0	1310.0625
1295203547000	0339046cd755be41c75547605452596b2d6b0142	16.88533715012722	257.0	1572.0	1306.5625
1295219019000	881485a7438540224f06245fb5f2afa482fc8396	16.874999999999996	256.0	1570.0	1305.0625
1295247875000	512db7c1acced91916fbd9a1b65f8ff5c4ccb37e	16.88533715012722	257.0	1572.0	1306.5625
1295397166000	dc7209e8cbc17e672bd7b4b006a4759d4853d264	16.864258434118394	256.0	1571.0	1306.0625
1295410766000	ee00759c00d94c50fed2eea0af7975b9d7fcbad4	16.864258434118394	256.0	1571.0	1306.0625
1295414075000	e4b231dda1a6e0181737f6a56361e4e97188b90a	16.952976567447752	260.0	1579.0	1311.3125
1295416736000	01540ccdde773960b0b787ce37409f43ff1f8867	16.874602670057214	257.0	1573.0	1307.5625
1295416988000	4bf08f7cec63aa0757e5df297dd768093a3eace6	16.874602670057214	257.0	1573.0	1307.5625
1295419057000	9943c81b1a16b0bb382e2f8200bb6c68387f9190	16.963156230234034	261.0	1581.0	1312.8125
1295457834000	6a423fd89b8d8c7b9aa98a92a89676d0fb424d72	17.01564475347661	261.0	1582.0	1312.8125
1295458114000	b3fc97fa48ea46236bff973f82782953459fded2	17.025726010101007	262.0	1584.0	1314.3125
1295466085000	1d5208e88385c9fc2ef7f7fa34a236832a192a5d	17.04797340088664	261.0	1579.0	1309.8125
1295466385000	9621a1cf1b3db0b158b0404bcd2daeaa778cbcca	17.058032890575582	262.0	1581.0	1311.3125
1295566145000	2c5f0979c70f8e16916766540ed4c96cdd127aac	17.09046261089987	262.0	1578.0	1308.3125
1295573325000	b12ebdc2f51c835a397f6e735c948f9ddbfda990	17.10047468354431	263.0	1580.0	1309.8125
1302226870000	70b6ab8cb5c9115511aa4e62f860645b20dafc9c	17.10047468354431	263.0	1580.0	1309.8125
1305899196000	c57490dff5bfbf601d4b708fdae029df99f807b2	18.47415356711004	268.0	1654.0	1348.4375
1306441423000	e8073fd12b419ee98aa00f657a7a001c14768c8d	17.21511994949495	264.0	1584.0	1311.3125
1306441514000	1250ced34d1d7f644c907c820bd95495e598cd61	18.580367913148375	269.0	1658.0	1349.9375
1312763828000	e050c90109ba4a62b64240f93610a44f366ed8e7	18.546809151113784	269.0	1661.0	1352.9375
1314170330000	706506639cb0da2c0db06ef88f2d2c9d75b084cc	18.483323317307686	269.0	1664.0	1356.4375
1314224753000	23521b7088146d735252d99d0efaed5052def764	18.49114645858343	270.0	1666.0	1357.9375
1314224953000	b8cf8a10f534ef74d67c5911d14e3e54fbc14df6	18.483323317307686	269.0	1664.0	1356.4375
1314320483000	8304c6e63ee1ff86208bac6f79285905027e95e8	18.650618374558302	273.0	1698.0	1381.3125
1314321205000	73327b39cf35c8f2f4e5ba1ac30c6fd41a99d10f	18.440632832080205	256.0	1596.0	1301.6875
1314376372000	d9fedbe901ea4431d38e3b5c36c19fe62a000e99	18.61579754601227	260.0	1630.0	1326.5625
1314727074000	d2ee3ef01076138f0ac7b3e0acc580238ffea160	18.597281612706173	260.0	1637.0	1332.5625
1314741681000	91d3f291efe9d090dd7fe003955d9da2dec18a74	18.76212023270847	245.0	1547.0	1256.75
1314751515000	41a754faf657c2ac7e414051d0c711c0ee994457	18.806597671410085	245.0	1546.0	1255.25
1314812494000	31e21c3131212079a5735bfce949560b03a09a82	18.880548302872057	243.0	1532.0	1242.75
1314815245000	a27e4e814c5bfd88759298ad2123c6373a800d08	18.880548302872057	243.0	1532.0	1242.75
1314831578000	322abb8230ff8a3ac2b58cf95863b1f8e78a99af	18.843648208469055	243.0	1535.0	1245.75
1314921225000	c4c4a127ab49e01cd520808c74f43940f61f467f	19.01408450704225	249.0	1562.0	1265.0
1315344213000	9c8f420c5d715d1b3923e7c15a38df0df23f7a39	19.0506735086594	249.0	1559.0	1262.0
1315503150000	d5b02dee04b7011a2b6cb1086752c583dcc604e1	19.05829596412556	250.0	1561.0	1263.5
1315615492000	d8319840eebc23cf8ee30a53ee66f974c32f4987	19.022435897435898	249.0	1560.0	1263.25
1315863233000	ec04d6516961bac094fbb2dade7925adecac6c80	18.907971484121845	246.0	1543.0	1251.25
1315935924000	99ae7660f1e5e4645c889e78e26d44de20a7caf3	18.950064020486558	249.0	1562.0	1266.0
1315937426000	f5659df64bef484a028f449eef5f751e34f91ee5	18.834951456310677	246.0	1545.0	1254.0
1318012029000	927b49cc5b771a64b7159a80b490e4c8bc1bdcae	18.798701298701303	244.0	1540.0	1250.5
1319653408000	75e2c4bf5f2de6c16306e4e1d95fe17616807ec9	18.80674448767834	244.0	1542.0	1252.0
1320348279000	48df859acaa503c9449eab10df74664092420a6e	18.463835434638355	235.0	1507.0	1228.75
1320992050000	0d4404c04475a66c9bcbda6960bd94597985b785	18.476095617529875	235.0	1506.0	1227.75
1321651527000	7e77977037b89c775faa0a480c8ce70eb820dc20	18.535052910052908	236.0	1512.0	1231.75
1321903076000	e269bd8658721a71fd9d42084b280042c5258945	18.774606299212603	240.0	1524.0	1237.875
1322087246000	191b91f419a0ed35104b3436615364b302cfbd67	18.45159151193634	235.0	1508.0	1229.75
1322089904000	369c60f998c1802b778a76f7ded34ccd27df738c	18.5105680317041	236.0	1514.0	1233.75
1322574622000	84c3cd09afe0585d7b7db5428b5c0b4455fabe37	18.75	240.0	1526.0	1239.875
1322574971000	4241acd1ead4aa4466d8b5d0aba94e32120e76ae	18.807114882506525	241.0	1532.0	1243.875
1326912221000	dfc7092060dcf2cb5e5f38e55d5c878027b93060	18.843526350032537	243.0	1537.0	1247.375
1330956402000	7dd2d1f5fb1de58c8aef5bc102d21627924295cf	18.945937300063974	250.0	1563.0	1266.875
1335542095000	99d5e7fe75ca2b1d831fa902c50be35b4065ebfa	18.945937300063974	250.0	1563.0	1266.875
1335547354000	dbf6de4e1955f5dec19acc9f8048485204ee094f	18.997762148337593	251.0	1564.0	1266.875
1335547390000	536249cff9bd8f02cf465d2258052e147fb15c7d	18.997762148337593	251.0	1564.0	1266.875
1336412155000	ba26bd379fa2840e699f8826465322fa6286160f	18.96139119336312	251.0	1567.0	1269.875
1336498572000	2db6ebed67b2a97d76131077ceee954c1791aca0	18.997130102040817	251.0	1568.0	1270.125
1336671621000	e4b6e5b6a8147146f16a4bebc40ac61a0de03a29	19.02901785714286	251.0	1568.0	1269.625
1337095307000	748e9ada696912c262a097d4211fde528f1cc0b8	19.18845663265306	252.0	1568.0	1267.125
1337097371000	c8824e5633c5f54b9eb42b2336c5f15d7847f1c4	19.076017811704837	253.0	1572.0	1272.125
1337098191000	5ddc974fa7c706815e1f31540a73abfe79f90682	19.235050890585235	254.0	1572.0	1269.625
1337205141000	cf8041059a617485e2dbcaae92df01552e5a56f7	19.235050890585235	254.0	1572.0	1269.625
1337213453000	7b13ff0a3e1e71b27f7ef5ef749b602ff17a40d3	19.328848560700873	260.0	1598.0	1289.125
1337214770000	1779cd082853eb3d8c666c6cc24826398d918fba	19.328848560700873	260.0	1598.0	1289.125
1337361868000	278ea920432b10912cd32c06f3fc4ad4dc6af7aa	19.299750467872734	261.0	1603.0	1293.625
1337727679000	988154b1fda3d53c0d791d30be677c0a77edb170	19.353582554517136	261.0	1605.0	1294.375
1343917839000	90dc136d444ba29fe8db6b20872022b18f18dc94	19.361538461538462	269.0	1625.0	1310.375
1344429383000	9a1fd04f15b653a6600629aee41c7d3fd7d843b3	19.20103092783505	272.0	1649.0	1332.375
1344621557000	1a7820902f3a6428f0bb586f8f1b5a2824838cb0	19.21268203883495	272.0	1648.0	1331.375
1347659586000	63211efa1565b5dc171938740ba183302d0e46f3	17.970773214946355	417.0	2703.0	2217.25
1347854538000	1299bda861f3a0699c27219d6ecd50abdcf90b7b	18.696197991391685	425.0	2788.0	2266.75
1347861321000	9c83d561ba77015c942e4705217d30af11677d34	18.696197991391685	425.0	2788.0	2266.75
1347928398000	871d7d00b561dc0e100c5ac7f79542d20ae9578d	19.294755877034355	425.0	2765.0	2231.5
1347932423000	be8b49fdd5cff8324a58827dcfd99fe116e5fcc8	19.294755877034355	425.0	2765.0	2231.5
1347939316000	7c71fbab5ecd558e60edff636a149ff3bf73ec57	19.46085672082718	418.0	2708.0	2181.0
1348004329000	a4faa0547d888cb8bc94a903c36c5a1370ca23b2	19.447513812154693	418.0	2715.0	2187.0
1348006080000	e35b85f33550504005cd57000bee94c9c477aa4b	19.454679439941046	418.0	2714.0	2186.0
1348073348000	732ce5e811bb73a0bfabb6b54a64e2dd8e179eb4	19.430147058823533	419.0	2720.0	2191.5
1348105903000	f65a38ce1e18c3ace530c8d600899f65c53a3a12	19.430147058823533	419.0	2720.0	2191.5
1348121051000	6fc34de781d8fece646b16dc289bbf4c0b01fde4	19.422238372093027	424.0	2752.0	2217.5
1348160186000	69d0b27d5a3f7f80d5fadd687ce8bb69ea426999	19.44545125045306	427.0	2759.0	2222.5
1348162678000	a71a82dabd099d2ee16ce7cda6821ebf08db8b80	19.438405797101453	427.0	2760.0	2223.5
1348167289000	526cf41d8a473a005d7649ec5becf00f57ae8feb	19.306582189369937	436.0	2841.0	2292.5
1348176790000	51eb2d54650a3600ce68e942f8a7fe37aa731f9e	19.361627499123113	440.0	2851.0	2299.0
1348180441000	a2fa90632f01c208f7aa5d4cc5bd4538003ef10e	19.372370266479667	440.0	2852.0	2299.5
1348245605000	be8244565cd5e987eaf1bf8754a1750c95477b43	19.384184744576626	442.0	2858.0	2304.0
1348260827000	4c1728017d4ee52293213786a50b25e0d2f2f252	19.384184744576626	442.0	2858.0	2304.0
1348276002000	a80f15ded8c0be8bf2268bc4cf7b0ce125b07d1b	19.308585503166785	435.0	2842.0	2293.25
1348278591000	fc177987092f72f84f0833f80600d4bbf20d0b87	19.376979936642023	435.0	2841.0	2290.5
1348374242000	d932d220d4e8b45ed215f928cab2ada71e008e73	19.376979936642023	435.0	2841.0	2290.5
1348422544000	860de0e94f5588369985063127512dc2270cd7de	19.422206752523497	435.0	2873.0	2315.0
1348434832000	89f855e3463ee7505302c8ab0f929067b934742b	19.432846207376475	435.0	2874.0	2315.5
1348443643000	4243fb005ecf4810eb2a1adc28df73abf431f178	19.760479041916167	451.0	3006.0	2412.0
1348491294000	74bc742f0338414528875fa4a98eeca57f643706	19.760479041916167	451.0	3006.0	2412.0
1348523080000	9aa3876adbfe2bbe8f21b3db4222892b73fe8d27	19.760479041916167	451.0	3006.0	2412.0
1348542209000	2527ef1b1ad7c48ffb2f5ed6aaa6271cc971c214	19.780585106382976	451.0	3008.0	2413.0
1348542644000	48a8e478723413bbc343a6429da821aa32f72844	19.810694121554306	451.0	3011.0	2414.5
1348542682000	0e043cd85048f70b484f84114a47b59e9540e44f	19.810694121554306	451.0	3011.0	2414.5
1348546909000	3f99104b4dc4df9a774ff7433084b8e483d88744	19.756097560975604	462.0	3075.0	2467.5
1348548067000	31943258b338ee3a36d07ff57a6fb0f94bb3650f	19.759506012349693	463.0	3077.0	2469.0
1348616661000	bed1a89f743ec8b343803a44b938aad97ba0f16e	21.403045369794903	526.0	3218.0	2529.25
1348616661000	85d5bb1d168a496f02d92320319628a452360fb5	21.529284164858996	527.0	3227.0	2532.25
1348688649000	113e1daddd8cb0e890084aa4b6ea3194d8ad4826	22.085565266422325	574.0	3547.0	2763.625
1348695084000	30f1f6a8177e5742f4e8b67eb54b87d4f8bd2938	22.996101752788523	743.0	4393.0	3382.78125
1348699041000	f3d6fa186ddf8a7bb8000b8b9a8700a42121e522	22.985637087599542	743.0	4395.0	3384.78125
1348706779000	8978640131006269f4668d0abfb3d8e7bd20a9e1	22.93866371480472	743.0	4404.0	3393.78125
1348783590000	b8f330f90756451102f347d8ffd6f3c9b18f00db	23.01381325164511	743.0	4407.0	3392.78125
1348791877000	e18687cf7a821976a284850915ba68cbbd4d741d	23.057489809782606	743.0	4416.0	3397.78125
1348795283000	94622b4b354c09b80e809fef868fdd17c43d3ace	23.052269640027166	743.0	4417.0	3398.78125
1348872151000	dfb79cf24484f328b479598e7e5659dcaee2ebc7	23.074473505434778	743.0	4416.0	3397.03125
1348879562000	35b9e3be87fc1ecaaab42e42b6c2d5e886feb0f8	23.052269640027166	743.0	4417.0	3398.78125
1348881495000	b5c985c9cf2cea930fc5f74e39305bfd39b3775e	23.074473505434778	743.0	4416.0	3397.03125
1348969700000	370bdb2a82a67be083e7589930c0d2462b82c3ed	23.067499433491957	741.0	4413.0	3395.03125
1348987369000	8569154a27280b03f7058deb94524861a277563d	23.710877018358765	782.0	4521.0	3449.03125
1348990449000	551a5c3b016d5f9273fb940c3849bc3560c2694a	23.669581770028692	783.0	4531.0	3458.53125
1349129367000	b140c44e5590c7a03c130773e331df111f2de12e	23.706683168316832	784.0	4545.0	3467.53125
1349155049000	20ea36e23e699484aefc8706d4357266ec136da8	23.819551141352058	789.0	4556.0	3470.78125
1349156647000	1ce69abc1f8bea2d7903f24ee32fec42cee83634	24.069727349883298	807.0	4713.0	3578.59375
1349157531000	955e893407c034dd0e589c1c6392a9cdfa4c6350	24.177736028789166	812.0	4724.0	3581.84375
1349158451000	644a5d887d7033e669ac362a8ed6e79197d13c72	24.212157172995784	820.0	4740.0	3592.34375
1349158696000	f72e6889ec05b5f6e72d061f87d003281c445feb	24.10368723849372	826.0	4780.0	3627.84375
1349199314000	7d44b054055c9491570a58f14f2ae5b5e077c05a	24.109103743986616	826.0	4781.0	3628.34375
1349204698000	bb8a0e27ede464e46d549e288a9d289a925f0a4e	24.076941090757696	829.0	4804.0	3647.34375
1349219565000	c78b68bfacfb9542e80ae2d37ed66ff27917578f	24.0511186264308	829.0	4805.0	3649.34375
1349227074000	c4861cb16c93248e03bfe30b06d728318a990227	24.0411119201165	829.0	4807.0	3651.34375
1349289830000	421751e187dfa61bc1e48b52cdaf366628b06dd4	23.850336548121355	857.0	4977.0	3789.96875
1349292564000	647353dd437f8c075aa96f3b98efb84442e8b7bf	24.03338432688512	883.0	5066.0	3848.46875
1349300249000	84f26ac1eba4f3913190e4a48f1d5967cffccb55	24.003775167785236	883.0	5066.0	3849.96875
1349309530000	a1e56f0e0cd571a4a39019eb0c18c6cfdf9e71e0	24.049689594008672	884.0	5074.0	3853.71875
1349309578000	64575cfee07cf0ec38f65a12055692f542e78e70	24.079796139452437	885.0	5077.0	3854.46875
1349309650000	5c3795c271bc6160f0ae2056627e9e96ffdc335c	24.10109696641387	958.0	5538.0	4203.28125
1349310391000	6b9508b70d9bb11590f96ef4ff6d5dfc703ac868	24.13379170423805	958.0	5545.0	4206.78125
1349326307000	2b99424fe59984b9efabae3920fb42e77e653786	23.649584487534625	787.0	4693.0	3583.125
1349388897000	f69905c6d3d1a59f99c0f3b902c8402b8aceda84	23.65852357584809	786.0	4687.0	3578.125
1349389087000	ce943dc24ab05b5b0742ec17e0510e58d2a66508	23.66862326574173	786.0	4685.0	3576.125
1349389485000	3286630083faa144af00617718411bf66eb3242b	23.658342189160464	791.0	4705.0	3591.875
1349397460000	73e5acf1648f83ecc9d9b80496029e7f8c58c970	23.64572333685322	798.0	4735.0	3615.375
1349400189000	4642e848a91180f6ff87acbfa54de1d0b945f19a	23.409474572694666	792.0	4739.0	3629.625
1349401460000	2e553c28069f8b2f53821cb9ede7bd395060006b	23.410145538915838	792.0	4741.0	3631.125
1349403893000	b9dfac14029100a36b9ed40d8c4e69ee7b56ce52	23.382073479729726	789.0	4736.0	3628.625
1349408729000	79328e8f7567a7ac5a15f8cdce0030a8667b4a0a	23.465466413981893	790.0	4749.0	3634.625
1349409807000	9fcb7dd2e5c3da049c7ac6d36c9b1c16041c0117	23.46976401179941	789.0	4746.0	3632.125
1349415157000	f935180a042bdce3dfb2326d045e79bbe1008e38	23.456887486855937	791.0	4755.0	3639.625
1349417165000	fc5cce3453c5b6c08814b1c1ba85612399466c0b	23.6128526645768	796.0	4785.0	3655.125
1349469533000	e40b31200dee36341e5697b2774799555ca79c9b	23.68909991742362	805.0	4844.0	3696.5
1349474212000	d091ee89ab2aa5c47d4b7b05e1f5d7e204b99494	23.695069114916446	805.0	4847.0	3698.5
1349474668000	0cb70993e26f300f92423bfced0d8cb3efc3f304	23.58724221593207	820.0	4946.0	3779.375
1349475529000	99047338c3ad1fe9cc564388c86a8ffb6d4eeb32	23.647897290739994	821.0	4946.0	3776.375
1349476420000	646258f02bdeb2f9436b8d844514fa8feca383dd	23.647897290739994	821.0	4946.0	3776.375
1349478809000	22ad7c9ea127b06ee0dc0cb809b59bab33afbf42	23.528379462494986	829.0	4986.0	3812.875
1349481927000	360468b9110ceba95099404265b8ee6e582391d9	23.523661519951876	830.0	4987.0	3813.875
1349497457000	aa3c30991070ed78289964bba6af72a25341cb39	23.518945469125907	830.0	4988.0	3814.875
1349498503000	ca667955d68458729481d50881ca2925838c86ef	23.530148237179482	830.0	4992.0	3817.375
1349498687000	2831a54565a0c2b08d35a8c2b0e21778eeee3df5	23.531618971382827	831.0	4997.0	3821.125
1349581132000	00c0d8672ea4741a23ff875ca1a992b8ad080e78	23.557020171759536	835.0	5007.0	3827.5
1349581530000	fa2e368e5f00fc8f78b9a47f55d86ccfc99750d2	23.701103309929795	836.0	4985.0	3803.5
1349587095000	d58f6c413eeb5bc138a4a97b56b25a6b22e20f22	23.815213062524887	840.0	5022.0	3826.0
1349588495000	a9547df82ab6c49bdea429acd3fe5ebf383ffe42	23.83535735616166	841.0	5023.0	3825.75
1349651875000	06077d25a16684bc4d26c1ee0c48db556983c86c	23.83107839235973	842.0	5026.0	3828.25
1349653144000	c042c7818064b644cf1e63dc784241ae6ed365a4	23.812127236580515	842.0	5030.0	3832.25
1349658801000	386d8b05069c95899149c4b18542fc18c3761314	23.662207357859533	846.0	5083.0	3880.25
1349660930000	1884e57d072c4b59635721f60c32b6d84bafc36d	23.64878144654088	847.0	5088.0	3884.75
1349715225000	2f40785d0b53d023d9cc4ee420d9feefe9734886	23.644134407545693	847.0	5089.0	3885.75
1349724353000	4c2de2b55dca67adf0d23a7b7c48f397f05409e1	23.7051206592113	847.0	5097.0	3888.75
1349724617000	f4b61599551a250606ed9f5874856cf230ae5972	23.7004707728521	847.0	5098.0	3889.75
1349726756000	dcc0d52bd1ca7529af407b767187d0126f96af65	23.7004707728521	847.0	5098.0	3889.75
1349743003000	af70181fffc83d61d949714b4893a37863e63c2e	23.7004707728521	847.0	5098.0	3889.75
1349743592000	da56b596b065fdfc4e74ff2c34ec26263a2ea76d	23.71851200937317	854.0	5121.0	3906.375
1349745458000	51193c62415add1a5fcf7e4ac92e6ba543c2fb88	23.831241486670564	858.0	5139.0	3914.3125
1349759927000	a3b4c996cbd237c8306e5ea81ff760581c62e1b8	23.86131635232355	858.0	5143.0	3915.8125
1349806329000	357497c341662c56945e22e458852f52a977efdf	24.10647279549718	892.0	5330.0	4045.125
1349819269000	aa9f4d7c5af268ed24666c49112ca55de7323f43	23.86131635232355	858.0	5143.0	3915.8125
1349819523000	dbd989a7aebc7914b2cdec3e0cb69e38fae670fb	23.896416083916083	859.0	5148.0	3917.8125
1349822780000	242e9dec1a73e95e30700e421ddb95c891290723	24.10647279549718	892.0	5330.0	4045.125
1349822788000	2e5e0ec8781d6cc9bf713f34ee703405c618faaa	24.140112464854734	893.0	5335.0	4047.125
1349831075000	2c5682800878b88687fbf351662286a57969dcd5	23.822428543651565	857.0	5143.0	3917.8125
1349847736000	9814bd45c6c024c3646e7885f4004dfe1aa361e7	23.927507909919964	904.0	5373.0	4087.375
1349850498000	ffe12a38c31058d9c4b32343ff35122b1b8678fc	23.91586360266864	909.0	5396.0	4105.5
1349853293000	014575aefd55845714d0a614213d432ee5d9474b	23.911432277191036	909.0	5397.0	4106.5
1349855232000	6e47702790d5273012cb1c844c0bcf5462ea6194	23.907002593553173	909.0	5398.0	4107.5
1349897414000	b6af69f6776b6dd8f2f122c995cbaf96470b5976	23.869951834012593	908.0	5398.0	4109.5
1349913527000	243e97b48679beee97c04890605e0b2722a855f8	24.028856825749166	913.0	5406.0	4107.0
1349917309000	e10e1df9d70879d9a44e86da390f5a8f26a36bae	24.024412798224525	913.0	5407.0	4108.0
1349983472000	aba3c451dccd54617947628045367c65febdee6b	24.028317601332596	914.0	5403.0	4104.75
1349990388000	932e0129e244e2874dfa3c6be58b2fe9a20cc89d	24.048363368885617	919.0	5438.0	4130.25
1349996120000	15fe965a481e7be1d8cb5f73dd67fd936568a994	24.0435902151922	919.0	5437.0	4129.75
1349997242000	45df16665f6a945e08455ff8ed6be5dac598d6e1	24.048538334252623	920.0	5439.0	4131.0
1349998229000	2c24f71c5331b42ac58c69637c04db57d48ec918	23.98782169117647	919.0	5440.0	4135.0625
1349998571000	7d308c68d6426048fd851b33b963abe49128c717	23.98782169117647	919.0	5440.0	4135.0625
1350060823000	0f6e3350fed144e3909ba4e45f3006f042c0187c	23.89745793377963	936.0	5527.0	4206.1875
1350066047000	797e22b7224d20f4ce7303f59dc02989bdf83a24	23.902576853526224	936.0	5530.0	4208.1875
1350073996000	c81760e098c7ef6370fd9e038c6264b06f17f232	23.889616844388218	936.0	5533.0	4211.1875
1350092360000	2a6b929796cdcac7553c732d94e60d9b47dff859	24.093958220781563	939.0	5553.0	4215.0625
1350327358000	a65d3eb00d543735305221f86ce630c8650e65e2	24.093958220781563	939.0	5553.0	4215.0625
1350328267000	ef9888eabb6d299d8fe44cc66a7991ba7603a008	24.09366576819407	940.0	5565.0	4224.1875
1350342627000	f67abfd4e9d546732d67d0b3afe57921e34b7dcd	24.099614280588444	941.0	5574.0	4230.6875
1350348503000	1048518dc717ffb4571dc4224725b9b524577471	24.099614280588444	941.0	5574.0	4230.6875
1350350608000	74aeadcbea52d36dab5c6be214dba67200393853	24.10874439461883	942.0	5575.0	4230.9375
1350368041000	eb4781af67d44098d12d64ae474e431572702d37	24.116240614944584	946.0	5594.0	4244.9375
1350411618000	ae45ac13dc2d3c9c1fa53ebda3b0e6890fe24f78	24.132748485928033	956.0	5614.0	4259.1875
1350421074000	4d312a2e3348e8defafc5482d7fc6dbb65f62598	24.145651399037604	955.0	5611.0	4256.1875
1350437501000	3fd300659aeebffa2ed96f089eeee188cd53efb5	24.150258374910905	955.0	5612.0	4256.6875
1350437995000	3012eefc84559507168982a7fc53dff667582b00	24.499632580445542	1126.0	6464.0	4880.34375
1350505573000	ea6e9a11bdbb64ca4bde0ee9889ea20b115af737	24.6985662047729	1134.0	6495.0	4890.828125
1350586336000	feabb7a335fb8c7644783d2dca53b864009054d8	24.668996395152632	1137.0	6519.0	4910.828125
1350587828000	fa850403039aa9869159978bd83877652606e95b	24.626532415764135	1166.0	6648.0	5010.828125
1350591694000	8dac45cc62008a66d21107b00aa39faabdc1b6f2	24.633833157736305	1165.0	6644.0	5007.328125
1350676441000	9e33fe399ce41766dc0a2d6e8f3e2fef0d30f6c1	24.61125639674895	1165.0	6644.0	5008.828125
1350686350000	96509e15991b34a54a3321c787b3c5d8edb16431	24.61964071181859	1168.0	6659.0	5019.578125
1350691168000	35f68aa92e49331272104a7a5c72046b2c82496d	24.612481245311322	1170.0	6665.0	5024.578125
1350929060000	99a1be6f63230f5a4d6ac38a8d1ccf58a05ed20a	24.616174594837936	1170.0	6664.0	5023.578125
1350933628000	c1c37b50058c827518fa972651738847044f9871	24.619983120780198	1171.0	6665.0	5024.078125
1350938199000	7bcc2d8ce2951a8f5451e93a5192b7ae04564de0	24.141099924012156	1138.0	6580.0	4991.515625
1350940568000	9dad8db45bb8b5b971a5b34aec96617563d243bc	24.166049453053784	1140.0	6582.0	4991.390625
1350944345000	0000f13dbdeda5e7c716bd5a8cf7e9ba08b1da52	24.166049453053784	1140.0	6582.0	4991.390625
1350952742000	fccd1dcdf6d83edc800e64d0494872a1c688acae	24.166049453053784	1140.0	6582.0	4991.390625
1351015624000	2bf39f770633f87dd5cd669b0a373298956fd6d6	24.12482086287524	1142.0	6629.0	5029.765625
1351030842000	c0d954df1479a0a1cc175db8238f74bd396abd28	24.08042335048426	1140.0	6608.0	5016.765625
1351033028000	8d5301a902a8d2b8166151481752653af3d0af17	24.07313729198185	1140.0	6610.0	5018.765625
1351039309000	61cdc8425fc9a3ee818b71a77dac8ffde83f9617	24.077338197489794	1141.0	6613.0	5020.765625
1351149853000	3df1d0eeadfc6a4e95514e10203a3b776c934c8d	24.086927351073484	1142.0	6614.0	5020.890625
1351155029000	bb82c8cc2e111563a462a6eff9e6f22a110c6cf9	24.083286092214664	1142.0	6615.0	5021.890625
1351198519000	687d3b672f3a86c108ecb121985d018d8c2481ae	24.083563170621126	1142.0	6617.0	5023.390625
1351211032000	4955078b577e35a325f88f286502cd3edde4e102	24.045204521397245	1143.0	6613.0	5022.890625
1351528345000	e85aa29405a8b809f3b83a4fca93d21f2b36f4ea	24.03909670844029	1145.0	6623.0	5030.890625
1351638839000	5c464d35f230912053d7a5873dd6b59ca6e11852	23.80885547047563	1164.0	6791.0	5174.140625
1351642824000	bd0e54a7badc3388095ab07c6c0317bd52b23f8a	23.824100309096263	1165.0	6794.0	5175.390625
1351899092000	2c25763699ef1ec748011a5e8d4b404d60211fb9	23.824100309096263	1165.0	6794.0	5175.390625
1352154357000	61619eee0026ff9abf5c3d184a143f79db0e8718	23.827607463565435	1165.0	6793.0	5174.390625
1352159442000	03b136413ea5d5ef92f2f1286fb177205da3b1eb	23.87096327224357	1161.0	6766.0	5150.890625
1352229246000	bdfaec3fba75927f10471e7a1f2b15a73ad801dc	23.856859305760715	1164.0	6770.0	5154.890625
1352251057000	f84ef35bea04fbb6898ea4ec18e27b8a7d6875fc	23.842430227406975	1163.0	6772.0	5157.390625
1352254182000	7fd963bd88228461467b9f40c92ac1957b166db3	23.835390832595216	1163.0	6774.0	5159.390625
1352332765000	eafb30c1b58818885bc01408effde84563bc5981	23.83187269372694	1163.0	6775.0	5160.390625
1352488081000	0d45ace382b1f50ae9275f4c9e46b5081b641297	23.84794224227186	1161.0	6761.0	5148.640625
1352490156000	d7bd571956fa98a8620cfdbafe255176425c0a42	23.830318873780666	1161.0	6766.0	5153.640625
1352503110000	980ff50ed649b93889ec116f812260ee38d7e762	23.838395494830134	1162.0	6770.0	5156.140625
1352856414000	c1d293908f835285f87d6c5dd07df76fe3127519	23.8504925472255	1163.0	6776.0	5159.890625
1353001876000	60f175e2a226653bb240104c3cac6fc7d5043659	23.887435756240826	1172.0	6810.0	5183.265625
1353023479000	3f6589776cf7463fd1eb0a4c151ffa28455590d9	23.875596987509184	1170.0	6805.0	5180.265625
1353106912000	9722dd0b2b040337ec22f4fa9dfa72a1ea83e42c	23.824509695901273	1168.0	6807.0	5185.265625
1353111034000	38d343af414de746f9831e09390d892f9a28aca3	23.861905373660253	1167.0	6811.0	5185.765625
1353348879000	872c29e9aeb5ff1aa71f28b533573b7a53210a67	23.834935897435894	1169.0	6825.0	5198.265625
1353961419000	6add973eb288c3321b7a4609bf8472fafe11cca0	23.834935897435894	1169.0	6825.0	5198.265625
1353978306000	e06d867375f0d64f35c229b04f07d4cd374fa6f0	23.817140817223205	1169.0	6828.0	5201.765625
1353978768000	94830db6555083e48f68d727921952a116ff7b18	23.781332574867875	1167.0	6812.0	5192.015625
1353983015000	cfbae11848c41619bbf19d0d24018d744e973030	23.834935897435894	1169.0	6825.0	5198.265625
1354043055000	6fa4da7478a3503e6298775710e2551a4c3a8bf4	23.834935897435894	1169.0	6825.0	5198.265625
1354066464000	82d78f0e7dcca557314b5fc95fa362f49b7bd6f6	23.817140817223205	1169.0	6828.0	5201.765625
1354066465000	22bd28b1370d6dd880de953cbb24c7a2484f74e8	23.781332574867875	1167.0	6812.0	5192.015625
1354140725000	b69f408433c5b8ee184d6527b63616b29efba429	23.79812976260258	1170.0	6824.0	5200.015625
1354209837000	0548712a944f298d0d785373056c83ad460fe5d0	23.83621790195506	1178.0	6854.0	5220.265625
1354226562000	e41a1a5c11e75f36c5f1d1ec7e7cc332e2ec7836	23.829544628579736	1188.0	6879.0	5239.765625
1354228450000	6732b003938d44d03c63e4322c9ed67e383d2d4b	23.79812976260258	1170.0	6824.0	5200.015625
1354228451000	23e712d12f4475814adb08336b9d6981849f949c	23.83621790195506	1178.0	6854.0	5220.265625
1354228453000	60bdb352a3a774900877351660ac9739203320da	23.829544628579736	1188.0	6879.0	5239.765625
1354230898000	761d99173a2a9d4221845b58b0b7412740807972	23.673251155067867	1199.0	6926.0	5286.390625
1354299574000	cd9df51ef845e7a5d0445fe128672fd4b32c3782	23.673251155067867	1199.0	6926.0	5286.390625
1354307255000	45a2e4b95dafe286ab0fac957d50431124c3427e	23.635844953996553	1202.0	6956.0	5311.890625
1354309437000	f40eb1debfba95dcf4a916e7e9e604cc5021de41	23.647210446903287	1202.0	6959.0	5313.390625
1354310781000	870ebc8bc0de635b5df43c4636e42ca42d063bc4	23.635844953996553	1202.0	6956.0	5311.890625
1354323770000	be452965e9b8467d2f640ccee1002119bb7d2761	23.651384300488367	1203.0	6962.0	5315.390625
1354513955000	ee7e6ae9eb0c2e70c4a2c596d1b20293fec3f8d9	23.647210446903287	1202.0	6959.0	5313.390625
1354513956000	a5b99b928c27e9c816107fa07b9dfb97f3fadd24	23.651384300488367	1203.0	6962.0	5315.390625
1354738954000	e236143b0c4392dfc5e5499d64553c1e7462a592	23.66106630824373	1206.0	6975.0	5324.640625
1354758378000	1e34a1bead76f4c3fa6e2baec327e5846f4c23fd	23.653897849462368	1205.0	6975.0	5325.140625
1354759129000	1d529d62b10b98239b503578041d49c4eaf81ed1	23.703771659745097	1207.0	6983.0	5327.765625
1354864989000	da1ff501c89a695f7941bcb69e36309fedc72ec1	23.66106630824373	1206.0	6975.0	5324.640625
1354864990000	1419bd32bbcccd8918df6d217572ed74bab3aac0	23.653897849462368	1205.0	6975.0	5325.140625
1354864991000	ef31321d42536716a30455886a85d37aed0e3e9f	23.703771659745097	1207.0	6983.0	5327.765625
1360273168000	a3458d9448c4131b530361fb87edb28baebb647e	23.71314331665475	1209.0	6995.0	5336.265625
1360277131000	342d2730008e9d4700a40b04bb8c857d48aa4c1c	23.71314331665475	1209.0	6995.0	5336.265625
1360353674000	81a0690f93c021e189976a476c20fc5aab4841a5	23.70864628040057	1208.0	6990.0	5332.765625
1360355186000	83a7149ba95546bc0acfbc7b74e250114f53148d	23.70864628040057	1208.0	6990.0	5332.765625
1360625241000	69ba4ed9235ad2a77177629bac241ab0e6915087	23.70901566075515	1209.0	6992.0	5334.265625
1360628036000	ae0cdcb45f8bb679c5c7a9a832f40d3eaa8f07e1	23.70901566075515	1209.0	6992.0	5334.265625
1360705895000	7a361eeb75d2b0760d19cbf20e5978ca0bbdede5	23.71332725843339	1210.0	6996.0	5337.015625
1360707711000	239452b0b8ecc14a2d10b23033e1e038f10b4c7d	23.709938187794766	1210.0	6997.0	5338.015625
1360804643000	1e685e5c5b60069e08b685954d0d8de5bfbb7734	23.663680694484135	1210.0	6998.0	5342.015625
1362785980000	0ef61b9b14ec00c58c952deffe5f700838b65a9c	23.690763590844067	1210.0	6990.0	5334.015625
1363662832000	6cd7afbca6d446de2c289818b852c8baf18a6546	23.70525497067658	1208.0	6991.0	5333.765625
1363913323000	44fb4bf838deadb532ea475ff99a80bf90f980b0	23.667824239394374	1211.0	7001.0	5344.015625
1363916068000	d44c94138dc0c119c4cb579ce0ae98d9ad9e362d	23.694900257400253	1211.0	6993.0	5336.015625
1365709905000	9f876b1978a22dd5176110b36d97175130097037	23.667824239394374	1211.0	7001.0	5344.015625
1365717510000	813ad39e58515e8298a98602b3347ad9f722ca27	23.694900257400253	1211.0	6993.0	5336.015625
1366220041000	1db3c0574a52ed5e8fb575d84e9d4536a3f55636	23.664444087403602	1211.0	7002.0	5345.015625
1366220628000	07c50260a7226964d18ba98aae14924583ac1151	23.691512367743783	1211.0	6994.0	5337.015625
1366335950000	d5553499a82d8768a8d0a8becf42f33a038844ac	23.67196423472302	1211.0	7004.0	5346.015625
1366346698000	f9bf27d680d5a67e19a6fce598ced2ab1aad8e7f	23.66858493932905	1211.0	7005.0	5347.015625
1366346811000	2d240914d6df946910455278123a393117e53efd	23.69564634843504	1211.0	6997.0	5339.015625
1366422529000	6005045e0150ae4082685d62c9631b24b8460fa0	23.697507849293565	1211.0	7007.0	5346.515625
1366648197000	af32e165dd567029b8937ba3a6e046effe8872c4	23.694126355593603	1211.0	7008.0	5347.515625
1366648211000	a662a90ae0659d8ddadde019b8bb3e2ffe2becc1	23.73535225815643	1216.0	7019.0	5353.015625
1366648320000	50e878a1797af7df3091e91152d7a6d6ffcd0f21	23.72120535714286	1211.0	7000.0	5339.515625
1366678578000	9a39d368cab0c21a3a721d2df86a44eba4e3121c	23.712038560595218	1208.0	6989.0	5331.765625
1366714248000	11a004394fa41b6414105a8ef78f0096c789203e	23.731971153846153	1216.0	7020.0	5354.015625
1366741000000	2685c5dbf70ba65b0cb8fba9020ccb269761202b	23.75904699087279	1216.0	7012.0	5346.015625
1367202794000	b1733043468616d84164302cd302122e28c1d318	23.70864628040057	1208.0	6990.0	5332.765625
1367205499000	3ede2aa95a72f7f7f1aaf06777c7090f1b14991b	23.73535225815643	1216.0	7019.0	5353.015625
1367262878000	73aaa4cef07837ef070c09ae94a5dbad66bc50cf	23.76243581514762	1216.0	7011.0	5345.015625
1367632743000	fd8fbad2c10d1904a72a0bdaab708b44436b746e	23.731971153846153	1216.0	7020.0	5354.015625
1367865053000	2c8e5b20501eeb8fece2407a898658d72fde3b57	23.731971153846153	1216.0	7020.0	5354.015625
1367882439000	af5fff2dae418a85d7f92af02fece3846c33ed52	23.75904699087279	1216.0	7012.0	5346.015625
1367952033000	325d754bbdc3aae34e35b2e9982cf6c29cdbc7b2	23.72630015651679	1217.0	7028.0	5360.515625
1367964970000	a17c88fddf9e9406161211bbf8f579435d49b517	23.72630015651679	1217.0	7028.0	5360.515625
1368050600000	35dba31f8cdfd2b8e4d9a3f2125baa6f1bf6bbb5	23.753338675213676	1217.0	7020.0	5352.515625
1368147591000	e20035484e5a0425c5fd2ee2ad57a0eab64d96cb	23.714266690340914	1221.0	7040.0	5370.515625
1368465088000	c5087ee63b3b97a81f2da21b70906816a5466a2a	23.714266690340914	1221.0	7040.0	5370.515625
1368465268000	c1a7b148689e20e6a6165ec19106072c3f7717ce	23.741245378270758	1221.0	7032.0	5362.515625
1370289443000	b2d117c908066290ea8174bed39c9f101af20999	23.71836397841829	1223.0	7043.0	5372.515625
1370301839000	f6017873e1056b0d9ec0932eb49af77f8ce8814c	23.717999928987354	1221.0	7041.0	5371.015625
1370309178000	157b87432760b2f988990e7f68e39c51628193f3	23.722095045428738	1223.0	7044.0	5373.015625
1370309290000	4b161173784b386df73181e6b859d6cf2963061e	23.717999928987354	1221.0	7041.0	5371.015625
1370309291000	3b9aeb23b62a034a24a92a6a71d0e1513781d023	23.722095045428738	1223.0	7044.0	5373.015625
1370309404000	5f496031b759f6953523c598e61eae08ee91317b	23.74497902744206	1221.0	7033.0	5363.015625
1370309404000	bffdd8030ca03b79bbac705e8d8e5b15f9b367c2	23.74906729675952	1223.0	7036.0	5365.015625
1371195007000	4105ac05cd936955ca1bef3758e34438b6987d30	23.70599535382416	1208.0	6995.0	5336.765625
1371226787000	0370b859a9fa7d0da3e1a75ea5d5fa919248652c	23.71945488721805	1223.0	7049.0	5377.015625
1371227015000	a4bbb0a21e16995dbb2a541a7c74d516fe222cad	23.71945488721805	1223.0	7049.0	5377.015625
1371227188000	53b200f501ccd87c16ef04b43da09938c8903a0d	23.746404985087345	1223.0	7041.0	5369.015625
1372712391000	4de68a069a2cfa950a68ced808a3361c782071e0	23.778799193091736	1229.0	7064.0	5384.265625
1372718905000	f04202cac8f9ce1f9b8558d75a6175d361998913	23.778799193091736	1229.0	7064.0	5384.265625
1372723278000	69e9a24b2527381287e339ebd3c1eb3dc430be21	23.805759282879823	1229.0	7056.0	5376.265625
1373907135000	a144d26627bb789943d1ca9acd30932bf7b4132e	23.768704895995473	1229.0	7067.0	5387.265625
1373907747000	4ecef9cadc085916ec9babb79452c99bdac1a940	23.768704895995473	1229.0	7067.0	5387.265625
1373907910000	3c7a3b4634bb51fd39ef0f6dccdd8d1efec0b936	23.795642088114466	1229.0	7059.0	5379.265625
1374021087000	44239e1dd2c7577b923a29bfc75dbcaf83590088	23.795642088114466	1229.0	7059.0	5379.265625
1374707889000	4781bf735b4c1363f7f29cce4fe9af8f9bed793a	23.788215601530393	1228.0	7057.0	5378.265625
1375217637000	f228a7aeeb6b9c8a1f3176ed6b265a311c3e846a	23.774739767738286	1228.0	7061.0	5382.265625
1375217765000	c917c8aab554b21f9fc9fb701a0bcfe27f99573e	23.774739767738286	1228.0	7061.0	5382.265625
1375862291000	636f0cac27059a99d3556cbd4187192fe2032790	23.78506703078451	1225.0	7049.0	5372.390625
1375862851000	3096172f0579e0c9673915d747f66f15ddb9cac8	23.78506703078451	1225.0	7049.0	5372.390625
1375862901000	9a931a67fc4097ef934a02a1a767042f57589362	23.78506703078451	1225.0	7049.0	5372.390625
1375863045000	e36a3c69fc75cbaa27f90cac6d52fea87e25baa9	23.781693262411352	1225.0	7050.0	5373.390625
1375863107000	dbc033f930ddb50160c0739192fac99d5592549e	23.778320450999857	1225.0	7051.0	5374.390625
1375888949000	b1cb5141f896726c16e2ca7c2a0c9f564f9b07ba	23.785411643738474	1225.0	7051.0	5373.890625
1375892267000	80d4f7ff64509b8153f991faf52665bc61e0fe76	23.791817440045403	1224.0	7047.0	5370.390625
1375892320000	a0bd6355c8f9f7f3009315661d219c231622044d	23.81107390873016	1225.0	7056.0	5375.890625
1375892594000	c959830fe51f2a914a22111de0dedde3e2b05c0f	23.814448972360026	1225.0	7055.0	5374.890625
1375892649000	74b364db3f02f6f55a25dc4ed2ae2d3bc54b995d	23.83768749115608	1227.0	7067.0	5382.390625
1375893087000	5a13015bc43d63d9031516b357451f5fc7a4b550	23.841061067081803	1227.0	7066.0	5381.390625
1375914656000	203bf487b2648df2edc74787d6bf2ab34d24191f	23.86389732899944	1230.0	7076.0	5387.390625
1376013877000	a5df15e47c50fe7759bb768a9b2e39af266725a1	23.86389732899944	1230.0	7076.0	5387.390625
1376413190000	368778de7a03a799df03919cae959a6ac7c9733c	23.87064426067289	1230.0	7074.0	5385.390625
1376417479000	6b0b55a28e3eb252d9b3664124eca8f3ae246d52	23.86389732899944	1230.0	7076.0	5387.390625
1376455946000	fd055942584d7109ad10e77424dcd2600d1fb690	23.87064426067289	1230.0	7074.0	5385.390625
1376536352000	63b8c522dde9d8f17a1c8d0e2ee0be29bc4206db	23.8182496488764	1236.0	7120.0	5424.140625
1376598986000	93c7ee32771be90c27922f0341bc23f609a6a3ba	23.8182496488764	1236.0	7120.0	5424.140625
1376686635000	bad6946a9d5b6474fda3d659f460d87e5c7439ba	23.84120077355837	1236.0	7110.0	5414.890625
1376686959000	6c23c3f25980ea61a27a26ff22f481a0333f5643	24.028012286248025	1210.0	6959.0	5286.890625
1376690190000	827b9c4d983fab1ca871ebf0b04e2e42d3fe540d	24.05179702115412	1210.0	6949.0	5277.640625
1376698031000	72f83e2261f68f274ac8fbf9c4b8d0e23f00d376	24.051250899928	1210.0	6945.0	5274.640625
1377043274000	cef13cc730831be5c48365db2cb502364c1df032	24.1539797008547	1225.0	7020.0	5324.390625
1377118908000	7d4c1254e95102802ff0386aa5f7288f6caa70f3	24.153181201827	1224.0	7006.0	5313.828125
1377126874000	6c0c56926fd210a45ab745ba122f2022f6eff7da	24.146370795324966	1225.0	7016.0	5321.890625
1377130308000	7ef1a2ade7bfcd9e50788e230c68a55a4d37a475	24.146370795324966	1225.0	7016.0	5321.890625
1377131136000	138bc4143bcedc99d0ba1e471feb2d7544a3de27	24.14555662667809	1224.0	7002.0	5311.328125
1377131235000	fb6af9dde8a1df563383f91c311746aba85c70a5	24.14555662667809	1224.0	7002.0	5311.328125
1377187376000	e43161db8942cab73adb74d66a07bedd1fafa433	24.127745778477394	1220.0	6988.0	5301.953125
1377204209000	13f2fef1a5f6877ffc1f6a593d0e8f10f535805b	24.194164032188535	1219.0	6959.0	5275.328125
1377278811000	63421edeba18751e88532c2891f3a8e51a471496	24.21348264237556	1220.0	6971.0	5283.078125
1377279873000	3bc02950da8c14ec04199043f41a9ffc13290c8d	23.63202530228392	1142.0	6699.0	5115.890625
1377282401000	a0a0a7c86704eb47934a1b8c77a8af7c15ed4a79	23.628498134328357	1142.0	6700.0	5116.890625
1377307204000	de58829c88927b4eb9c7b483da7f0394c538a071	23.60196140638997	1139.0	6698.0	5117.140625
1377534146000	c499978dba984d9be39f195196ccae8ddce1079c	23.60673392510816	1141.0	6703.0	5120.640625
1377550104000	8c1fcf3490a0d92448c460193c8824dbcd6790fd	23.60673392510816	1141.0	6703.0	5120.640625
1377563916000	2eb3e5467cb76617fd6da3ea4a3f222d537a6bd9	23.264469950523868	1168.0	6872.0	5273.265625
1377564273000	f12a6863d913452706a3291aa34738aa1f1643a3	23.264469950523868	1168.0	6872.0	5273.265625
1377577306000	05afb603eac57cb4b87850c9796a199b0c0cbed6	23.268863636363633	1168.0	6875.0	5275.265625
1377628038000	9cf18979ae192027a6db0b3fba18cad0d826da97	23.23095610714806	1166.0	6869.0	5273.265625
1377632333000	5f69b490d4bf9bd52fac8f1e0eef589c5cbf4a27	23.295889886164623	1167.0	6852.0	5255.765625
1377633373000	9a5470f5b8578f417c3f2ebf17d77b2683dd4046	23.289591233955665	1167.0	6856.0	5259.265625
1377639977000	04d0eaaf489d08c56104d9b71d0d2edecb4e27a5	23.255166859707543	1178.0	6907.0	5300.765625
1377648784000	95db8fb4954e768cc58eb71bc3c05dfeef375cd7	23.348633229062987	1195.0	7033.0	5390.890625
1377649455000	ebfe81b30c57972557d262bcd12622e0513a0d11	22.297215383467616	1085.0	6702.0	5207.640625
1377663447000	504ed1aa7d11c7667d089af4bccbf18b255b36d5	22.30507795017157	1084.0	6703.0	5207.890625
1377715594000	29b68ab8b8d6ed4e5150735bdc9fa861eca2df8a	22.30507795017157	1084.0	6703.0	5207.890625
1377715602000	f233ae3254a1d83aa67042f4333797e534bbb27c	22.38063104988831	1085.0	6715.0	5212.140625
1377725565000	c75020dfabbe57ab6b1af725a87e15e82cae4deb	22.38063104988831	1085.0	6715.0	5212.140625
1377734033000	d4998f76bc5a67b51cb926b7a425ce62f3beaefc	22.40064651960053	1085.0	6709.0	5206.140625
1377734120000	bee91a36b8cb7195b3d92f52c68654d947f3e17f	22.411505660658428	1084.0	6713.0	5208.515625
1377745918000	3d9a0df6060aaa3d621eb7315eb9b085da5099fb	22.469764039116903	1093.0	6749.0	5232.515625
1377751895000	eef31673580254626ac6338bc1118598386bc786	22.46793566775245	1094.0	6754.0	5236.515625
1377799514000	29359e5406fbc2c024853f3e3ccd2b64656c2c12	22.46793566775245	1094.0	6754.0	5236.515625
1377807276000	c31fa5bcc7acaa0f4d2442d99058522ec57074f7	22.504588091353995	1094.0	6743.0	5225.515625
1377818677000	4b84ed9102652486bc731c8c7b9e79cb847b3f83	22.500138253944847	1100.0	6781.0	5255.265625
1377820810000	b2e25c2811320be6f719d3dfe9931cdc06212759	22.54763438880707	1101.0	6790.0	5259.015625
1377822320000	aef481fbc9a7d7a4a52fae82714e3d14152d38e6	22.54763438880707	1101.0	6790.0	5259.015625
1377823954000	289c3643ac419d146db44846db5057dff787f81a	22.534359361201062	1101.0	6794.0	5263.015625
1377885792000	9f43d4c1125d6a607a74d39fb4784ccaebf77214	22.522955616075368	1100.0	6793.0	5263.015625
1377887574000	3f4b0e308a1ed2b1a193cc7d01130a1bee939665	22.531406341965866	1101.0	6796.0	5264.765625
1378226626000	d71f62927cef282134b02af49645a178e6ed983f	22.57033776830344	1101.0	6802.0	5266.765625
1378227031000	45995e9331aaca94ec7fc0748475c98f4f7de1e2	22.57033776830344	1101.0	6802.0	5266.765625
1378232946000	6c3176cc7dd7495ceee42b38c10265bbd9656ebe	22.550446166274973	1101.0	6808.0	5272.765625
1378316133000	f9540358dacec5e6f8e2004e9fe3791107ee3f3c	22.547134307534144	1101.0	6809.0	5273.765625
1378329158000	7e52e4a333f6a148532e5d3395412676c0673764	22.5405135075613	1101.0	6811.0	5275.765625
1378489030000	f772f7438f4a98ddde6eaf49d73d551e46425d93	25.34279336734694	1528.0	8820.0	6584.765625
1378491311000	7bede55f78581a5f34348331f2825043039fc6b5	25.491499717832955	1542.0	8860.0	6601.453125
1378491384000	a19314fd8af534821bb7c7edacb44087c1a8b6cd	25.339920360503342	1528.0	8821.0	6585.765625
1378491521000	557accce95475df53c667778dbcc43076cb86e17	25.48862289809276	1542.0	8861.0	6602.453125
1378499377000	12c79e065d4b0172bb900e3599142041a968f5eb	25.46197945976365	1548.0	8885.0	6622.703125
1378509848000	63f5b0d55907d2b42ba9374a35eabe006c2fb7c6	25.459114055818144	1548.0	8886.0	6623.703125
1378510170000	0c8bd483f3e04ee59adde27ad1617b53c6fd7f2d	25.453385182268228	1548.0	8888.0	6625.703125
1378703558000	47b10c08f7aaf2b2a28a5c66071b58c2707dad20	25.511417864361107	1554.0	8906.0	6633.953125
1378737366000	d01970e2116388aea075eaa9296dd7f90cccb067	25.4916025928836	1554.0	8909.0	6637.953125
1378765283000	b93772c506ca7e144446f619996eedbdc4285b23	25.48874158249158	1554.0	8910.0	6638.953125
1378774984000	148c8e33b6ad80f51163d06786628a0e303b3a40	25.5524078328104	1558.0	8924.0	6643.703125
1378775790000	f7de8003e56d6d6f3dd35f494162c75acc993cd9	25.675596550203906	1577.0	9073.0	6743.453125
1378787208000	4d11a33629ced143c87d047ba6097d259cb4d31b	25.658338379390067	1579.0	9083.0	6752.453125
1378787335000	d5202b46aaf96b1d217cedba645f28aa1fee04c6	25.561279752111442	1594.0	9117.0	6786.578125
1378787717000	1c7788b33dd4516dae81e6bcab043addc45fc1a1	25.400575604180275	1582.0	9186.0	6852.703125
1378838439000	d42988e6e855a9775b9ebbbfa949ef90c5abf2cf	25.38675742574258	1582.0	9191.0	6857.703125
1378839253000	3e8ebd961d99125d6b1704b5fa8d425d101e32f5	25.46186360182371	1583.0	9212.0	6866.453125
1378842169000	6da4068d34ede187e9237c54ab70681755995e48	25.475329661384848	1584.0	9214.0	6866.703125
1378857687000	c56d3677db8c11c61578c4ac30828db355c86334	25.477887327763916	1584.0	9217.0	6868.703125
1378860006000	eddf7797cab8ca51a45dd66908654267fcf6fe18	25.528333423559978	1590.0	9236.0	6878.203125
1378860503000	6ac48365fa00c4a499204f893ec25193b0d7162f	25.528333423559978	1590.0	9236.0	6878.203125
1378860899000	595e83dc346131c90b71ce959ec71908b826849c	25.53086778872172	1590.0	9239.0	6880.203125
1378861711000	c0a1cea7e6164500cc8362cae963c320e16dfc4f	25.536860710802898	1589.0	9229.0	6872.203125
1378920668000	be13177b0b9ad533a63f57fee671e9ee6d19286c	25.593029734724936	1585.0	9198.0	6843.953125
1378923653000	0ab167de98f42460c5c5cff7f8c2d0759f9f684b	25.59024758125883	1585.0	9199.0	6844.953125
1378936598000	2e9baaafc515b89a40aca0b99b4907aa727fea50	25.587466032608695	1585.0	9200.0	6845.953125
1378945430000	8ea47506e43a167925df5c3202c36c667cb6ab44	25.542454747452847	1588.0	9226.0	6869.453125
1379019276000	690cfb6e29ea4111e3b2eb451272024c0fedbf80	25.542454747452847	1588.0	9226.0	6869.453125
1379021725000	96b1fe6335c20eca5fb96bd534ef78f8e31a635e	25.53968651782811	1588.0	9227.0	6870.453125
1379025627000	f5abb011dde166e41e85d529bceea3e40202ec63	25.43974348578225	1591.0	9249.0	6896.078125
1379029883000	f8d45553007a3447953eb3bc40715d7e80a8ba89	25.434431437222884	1591.0	9247.0	6895.078125
1379101956000	249d63739967f78ad275835a9a13efa3cc1b7704	25.434431437222884	1591.0	9247.0	6895.078125
1379121323000	b844d38532de2e2abcb68d37fdba94c7819071ed	25.434243595286997	1592.0	9251.0	6898.078125
1379285264000	87a61c0b2c05be541b19c10cae0ae6d5f59808a6	25.450409370946826	1593.0	9252.0	6897.328125
1379313583000	d9f3456cf8a1e44704e2a4e2cf921e4b0600802f	25.447658867394363	1593.0	9253.0	6898.328125
1379354614000	d97815d8e6798f29ac2d80824eaca0402e675621	25.450409370946826	1593.0	9252.0	6897.328125
1379360117000	ddfdd96273cb99bbaceaaceb417b7761ee539245	25.46101852852204	1597.0	9256.0	6899.328125
1379368498000	3422fd730b135598f5d677e540c41c324e5f9858	25.46101852852204	1597.0	9256.0	6899.328125
1379375603000	962a3d425c80e8c64ef24e34d6955fbbe83d429c	25.455518200475268	1597.0	9258.0	6901.328125
1379378369000	3ddcc8e50f44cc37c6e481acd0d11416c61b2519	25.455518200475268	1597.0	9258.0	6901.328125
1379450696000	e639cf61adbb3f3f8408c16ac2d9e64590ac4f99	25.441682406907717	1598.0	9265.0	6907.828125
1379450794000	a9b9de5c920edc244744273f1415e95a403f913c	25.46081938444924	1597.0	9260.0	6902.328125
1379450915000	ae9050917ff4fa669b849dbcbbff4f1d78d940e5	25.446982572569333	1598.0	9267.0	6908.828125
1379453903000	8afb7d57b2cc8645c9e2ea513173fa9eaae7af7e	25.444236890375482	1598.0	9268.0	6909.828125
1379464745000	5d2a5d41b53ef31567ea242e6f5464eac88d6a2f	25.444236890375482	1598.0	9268.0	6909.828125
1379465700000	b84ef1ec543ad0f2c08f2010be4872a9f493b8cb	25.443949482423978	1601.0	9274.0	6914.328125
1379471628000	73ee47ca9ad037d177e40c5eb20a9d36a732e14e	25.46092487883683	1603.0	9285.0	6920.953125
1379538464000	5a20d3df4f265058adc639cfbc2db701f1c4d711	25.485621433954144	1604.0	9289.0	6921.640625
1379540614000	248a0a511e5264d37ffc6f622bc185b785bfebb1	25.493482997955454	1606.0	9293.0	6923.890625
1379540826000	2c1f84a6fc46b7bae503f3844a6921df38ca592d	25.49084561988808	1606.0	9292.0	6923.390625
1379552026000	144d2a0809347eb9a7f8c6e5ac5b7b72114ada32	25.510063274098005	1606.0	9285.0	6916.390625
1379552103000	36fa93b47ba440347dd45d28340789945e62be2d	25.53148890922795	1607.0	9287.0	6915.890625
1379625619000	2f22529eb09bb6f26e8d3395493d37d1d177adeb	25.525991764452584	1607.0	9289.0	6917.890625
1379625643000	c49f0e205b81ac24e1a66a238e769317b1b3acc4	25.504569559599442	1606.0	9287.0	6918.390625
1379626378000	9a1057d6cd6eab416762ea0957c8c0e91bba28d4	25.67765604786546	1615.0	9276.0	6894.140625
1379629566000	18df9f6652ea20c2505e1db383b731b6848119b3	25.67765604786546	1615.0	9276.0	6894.140625
1379629595000	7c24dcae33d195c1611101c7f72462ee9b096bb2	25.706921398556194	1616.0	9281.0	6895.140625
1379629643000	4ec07f802f5278fd9830456c32ac49742c1a0eac	25.706921398556194	1616.0	9281.0	6895.140625
1379730940000	ebc6a3875a893f12596499961686474231df5fac	25.698765082956253	1616.0	9282.0	6896.640625
1379968741000	137e706b930f7687d71d1128f9bfb812aef6aa69	25.733542003231015	1618.0	9285.0	6895.640625
1380064618000	d7cb296ecc5e3bf245b03990f1f258f1dcf58bd9	25.74740705818965	1618.0	9280.0	6890.640625
1380125679000	4ab551a799a5a3ece94a5deb84a0644cfe5fa188	25.74740705818965	1618.0	9280.0	6890.640625
1380156785000	d968d6707f61078c3afacffa08c499ee9ed472a5	25.74407165159346	1620.0	9288.0	6896.890625
1380317260000	9db602092a4c7dc532c83ca0ebcfe9faaeefbc88	25.754432099429682	1621.0	9293.0	6899.640625
1380327219000	a7b63b5c30def91c1478198f88fa71d4b3bec3ae	25.754432099429682	1621.0	9293.0	6899.640625
1380328265000	f617020b023ac986cf0a40af1c021f54936d02a3	25.75426976869285	1621.0	9295.0	6901.140625
1380328645000	31923813fa307b38c2f6017064537f1749c5479b	25.75426976869285	1621.0	9295.0	6901.140625
1380568874000	5579584ad5ebf4498d7404cdc062b7d216670ed5	25.745960152721015	1621.0	9298.0	6904.140625
1380586378000	8ecc6f2c6e1697940bf611d5e3e830dd9c590643	25.796928949072072	1615.0	9268.0	6877.140625
1380656113000	7f110327c3e26018c3d0e05fe5994f148279ee09	25.77028686312608	1614.0	9264.0	6876.640625
1380762981000	248ade5f5f270878f3d035ca77c9208629fa6523	25.788581328874983	1616.0	9271.0	6880.140625
1380923818000	91441304feead2d27a2dbdf108526e9c49bb91f9	25.788581328874983	1616.0	9271.0	6880.140625
1381264982000	a65b19b6ab0586a4bdbd8867efc0b0c80f09eaa5	25.788581328874983	1616.0	9271.0	6880.140625
1381266483000	3a7dbb543be43efdf88491b39aa82ef8b7cfc87b	25.788581328874983	1616.0	9271.0	6880.140625
1381268623000	c677dfde1d276531c10efd8008b342318b04782e	25.788581328874983	1616.0	9271.0	6880.140625
1381279769000	6ff2962d9a2726bacffa20ed09e3c3346fe7491d	25.788581328874983	1616.0	9271.0	6880.140625
1381360280000	41bfc41aec6b735f64d75ba79b85029dd5b0f6ed	25.84442634865942	1619.0	9287.0	6886.828125
1381360651000	b30ec39dcb5d4fb392d4090c346e0f8c57c995de	25.78579998921484	1616.0	9272.0	6881.140625
1381361070000	c85619c7d0565cb4f0e2844ac314f4bc9fde7093	25.841643787683033	1619.0	9288.0	6887.828125
1381423657000	6963d4e54776a1b848fbd7e2c7535e7aef2e3740	25.75469859109486	1619.0	9298.0	6903.328125
1381446702000	f9c17a244f7ac320808b45cf4d9d4bbe8c5343c0	25.755474207415364	1620.0	9305.0	6908.453125
1381539279000	51c9dc7ec998825916d0d5466897c4b00ede4f5a	25.75531186203932	1621.0	9307.0	6909.953125
1381772274000	dd97056fa889b35ce850fd0107e2f59b925bae49	25.758079464861382	1621.0	9306.0	6908.953125
1381787692000	3de6101352a49cb7f70a42d0a00cfe68cd78a23a	25.75222159579038	1622.0	9312.0	6913.953125
1381793205000	8a54613295c61c113d813cd4b26e53a4093977e4	25.75498738051767	1622.0	9311.0	6912.953125
1381962254000	ef5ac86911ce094af96c1f655500a09cf1b2aaeb	25.75498738051767	1622.0	9311.0	6912.953125
1382993020000	c9189ee8fe0ea5e538d8550034a4b246353a0db7	25.74929549114332	1622.0	9315.0	6916.453125
1383084962000	c8831fa8a58a1f56ffdee8b880dcbf3a57fb74ca	25.74557112993139	1623.0	9328.0	6926.453125
1383085007000	dfd196054474c7f3adf45b9b5253f0120a64c4cf	25.7517372290191	1622.0	9318.0	6918.453125
1383092239000	fd951391d173cabf53bcdb80c1a47d1ac504bfcc	25.74801066338013	1623.0	9331.0	6928.453125
1383590853000	5f601e445290552e9d63ef3a6797ddd99dab61a2	25.745411307609857	1623.0	9330.0	6927.953125
1384219936000	00c596f20b40c6e2c2f12ec5d6ee8d330794cda5	25.766354702227932	1624.0	9336.0	6930.453125
